1 "L20X20X3" "L20X20X3" 20.00 20.00 3.00 1.13 3.90
2 "L25X16X3" "L25X16X3" 25.00 16.00 3.00 1.16 3.40
3 "L25X25X3" "L25X25X3" 25.00 25.00 3.00 1.43 4.90
4 "L20X20X4" "L20X20X4" 20.00 20.00 4.00 1.46 3.80
5 "L32X20X3" "L32X20X3" 32.00 20.00 3.00 1.49 4.30
6 "L25X16X4" "L25X16X4" 25.00 16.00 4.00 1.50 3.40
7 "L30X30X3" "L30X30X3" 30.00 30.00 3.00 1.75 5.90
8 "L25X25X4" "L25X25X4" 25.00 25.00 4.00 1.86 4.80
9 "L40X25X3" "L40X25X3" 40.00 25.00 3.00 1.89 5.40
10 "L32X20X4" "L32X20X4" 32.00 20.00 4.00 1.94 4.30
11 "L36X36X3" "L36X36X3" 36.00 36.00 3.00 2.11 7.10
12 "L45X28X3" "L45X28X3" 45.00 28.00 3.00 2.15 6.10
13 "L30X30X4" "L30X30X4" 30.00 30.00 4.00 2.28 5.80
14 "L40X40X3" "L40X40X3" 40.00 40.00 3.00 2.36 7.90
15 "L50X32X3" "L50X32X3" 50.00 32.00 3.00 2.43 7.00
16 "L40X25X4" "L40X25X4" 40.00 25.00 4.00 2.47 5.40
17 "L45X45X3" "L45X45X3" 45.00 45.00 3.00 2.66 9.00
18 "L56X36X3" "L56X36X3" 56.00 36.00 3.00 2.74 7.90
19 "L36X36X4" "L36X36X4" 36.00 36.00 4.00 2.76 7.00
20 "L45X28X4" "L45X28X4" 45.00 28.00 4.00 2.81 6.00
21 "L56X36X4" "L56X36X4" 56.00 36.00 4.00 3.59 7.80
22 "L50X50X3" "L50X50X3" 50.00 50.00 3.00 2.97 10.00
23 "L40X40X4" "L40X40X4" 40.00 40.00 4.00 3.09 7.90
24 "L50X32X4" "L50X32X4" 50.00 32.00 4.00 3.18 6.90
25 "L56X56X3" "L56X56X3" 56.00 56.00 3.00 3.34 11.30
26 "L36X36X5" "L36X36X5" 36.00 36.00 5.00 3.38 7.00
27 "L45X45X4" "L45X45X4" 45.00 45.00 4.00 3.49 8.90
28 "L40X40X5" "L40X40X5" 40.00 40.00 5.00 3.79 7.80
29 "L50X50X4" "L50X50X4" 50.00 50.00 4.00 3.90 9.90
30 "L63X40X4" "L63X40X4" 63.00 40.00 4.00 4.06 8.80
31 "L45X45X5" "L45X45X5" 45.00 45.00 5.00 4.29 8.80
32 "L56X56X4" "L56X56X4" 56.00 56.00 4.00 4.39 11.10
33 "L56X36X5" "L56X36X5" 56.00 36.00 5.00 4.42 7.80
34 "L70X45X4" "L70X45X4" 70.00 45.00 4.00 4.55 9.90
35 "L50X50X5" "L50X50X5" 50.00 50.00 5.00 4.80 9.80
36 "L63X63X4" "L63X63X4" 63.00 63.00 4.00 4.98 12.60
37 "L63X40X5" "L63X40X5" 63.00 40.00 5.00 4.99 8.70
38 "L45X45X6" "L45X45X6" 45.00 45.00 6.00 5.08 8.80
39 "L56X56X5" "L56X56X5" 56.00 56.00 5.00 5.42 11.00
40 "L70X70X4" "L70X70X4" 70.00 70.00 4.00 5.57 14.00
41 "L70X45X5" "L70X45X5" 70.00 45.00 5.00 5.61 9.80
42 "L50X50X6" "L50X50X6" 50.00 50.00 6.00 5.69 9.80
43 "L63X40X6" "L63X40X6" 63.00 40.00 6.00 5.91 8.60
44 "L75X50X5" "L75X50X5" 75.00 50.00 5.00 6.13 10.90
45 "L63X63X5" "L63X63X5" 63.00 63.00 5.00 6.14 12.50
46 "L80X50X5" "L80X50X5" 80.00 50.00 5.00 6.38 11.00
47 "L70X45X6" "L70X45X6" 70.00 45.00 6.00 6.64 9.70
48 "L63X40X7" "L63X40X7" 63.00 40.00 7.00 6.80 8.60
49 "L70X70X5" "L70X70X5" 70.00 70.00 5.00 6.88 13.90
50 "L90X56X5" "L90X56X5" 90.00 56.00 5.00 7.21 12.30
51 "L75X50X6" "L75X50X6" 75.00 50.00 6.00 7.26 10.80
52 "L63X63X6" "L63X63X6" 63.00 63.00 6.00 7.29 12.40
53 "L75X75X5" "L75X75X5" 75.00 75.00 5.00 7.41 15.00
54 "L80X50X6" "L80X50X6" 80.00 50.00 6.00 7.56 10.90
55 "L70X45X7" "L70X45X7" 70.00 45.00 7.00 7.66 9.70
56 "L80X80X5" "L80X80X5" 80.00 80.00 5.00 7.91 16.00
57 "L70X70X6" "L70X70X6" 70.00 70.00 6.00 8.16 13.80
58 "L56X56X8" "L56X56X8" 56.00 56.00 8.00 8.37 10.90
59 "L90X56X6" "L90X56X6" 90.00 56.00 6.00 8.56 12.20
60 "L80X50X7" "L80X50X7" 80.00 50.00 7.00 8.72 10.80
61 "L75X75X6" "L75X75X6" 75.00 75.00 6.00 8.80 14.90
62 "L80X80X6" "L80X80X6" 80.00 80.00 6.00 9.40 15.90
63 "L70X70X7" "L70X70X7" 70.00 70.00 7.00 9.42 13.80
64 "L75X50X8" "L75X50X8" 75.00 50.00 8.00 9.47 10.70
65 "L63X63X8" "L63X63X8" 63.00 63.00 8.00 9.51 12.30
66 "L100X63X6" "L100X63X6" 100.00 63.00 6.00 9.62 13.80
67 "L80X50X8" "L80X50X8" 80.00 50.00 8.00 9.87 10.70
68 "L90X56X7" "L90X56X7" 90.00 56.00 7.00 9.88 12.20
69 "L75X75X7" "L75X75X7" 75.00 75.00 7.00 10.16 14.80
70 "L110X70X6" "L110X70X6" 110.00 70.00 6.00 10.64 15.40
71 "L100X80X6" "L100X80X6" 100.00 80.00 6.00 10.64 17.30
72 "L90X90X6" "L90X90X6" 90.00 90.00 6.00 10.64 18.00
73 "L70X70X8" "L70X70X8" 70.00 70.00 8.00 10.67 13.70
74 "L80X80X7" "L80X80X7" 80.00 80.00 7.00 10.86 15.80
75 "L100X63X7" "L100X63X7" 100.00 63.00 7.00 11.11 13.70
76 "L90X56X8" "L90X56X8" 90.00 56.00 8.00 11.18 12.10
77 "L75X75X8" "L75X75X8" 75.00 75.00 8.00 11.50 14.70
78 "L75X50X10" "L75X50X10" 75.00 50.00 10.00 11.59 10.60
79 "L63X63X10" "L63X63X10" 63.00 63.00 10.00 11.66 12.20
80 "L100X100X6" "L100X100X6" 100.00 100.00 6.00 11.93 20.00
81 "L110X70X7" "L110X70X7" 110.00 70.00 7.00 12.30 15.30
82 "L80X80X8" "L80X80X8" 80.00 80.00 8.00 12.30 15.70
83 "L100X80X7" "L100X80X7" 100.00 80.00 7.00 12.30 17.10
84 "L90X90X7" "L90X90X7" 90.00 90.00 7.00 12.30 17.80
85 "L100X63X8" "L100X63X8" 100.00 63.00 8.00 12.58 13.70
86 "L100X100X7" "L100X100X7" 100.00 100.00 7.00 13.80 19.90
87 "L110X70X8" "L110X70X8" 110.00 70.00 8.00 13.94 15.30
88 "L100X80X8" "L100X80X8" 100.00 80.00 8.00 13.94 17.10
89 "L90X90X8" "L90X90X8" 90.00 90.00 8.00 13.94 17.80
90 "L125X80X7" "L125X80X7" 125.00 80.00 7.00 14.10 17.60
91 "L75X75X10" "L75X75X10" 75.00 75.00 10.00 14.13 14.60
92 "L80X80X10" "L80X80X10" 80.00 80.00 10.00 15.13 15.60
93 "L110X110X7" "L110X110X7" 110.00 110.00 7.00 15.20 22.00
94 "L100X63X10" "L100X63X10" 100.00 63.00 10.00 15.47 13.50
95 "L100X100X8" "L100X100X8" 100.00 100.00 8.00 15.64 19.80
96 "L125X80X8" "L125X80X8" 125.00 80.00 8.00 15.99 17.50
97 "L110X70X10" "L110X70X10" 110.00 70.00 10.00 17.17 15.10
98 "L100X80X10" "L100X80X10" 100.00 80.00 10.00 17.17 16.90
99 "L90X90X10" "L90X90X10" 90.00 90.00 10.00 17.17 17.60
100 "L110X110X8" "L110X110X8" 110.00 110.00 8.00 17.24 21.90
101 "L140X90X8" "L140X90X8" 140.00 90.00 8.00 18.04 19.80
102 "L100X100X10" "L100X100X10" 100.00 100.00 10.00 19.26 19.60
103 "L125X80X10" "L125X80X10" 125.00 80.00 10.00 19.71 17.40
104 "L125X125X8" "L125X125X8" 125.00 125.00 8.00 19.75 25.00
105 "L90X90X12" "L90X90X12" 90.00 90.00 12.00 20.31 17.50
106 "L110X110X10" "L110X110X10" 110.00 110.00 10.00 21.26 21.70
107 "L140X90X10" "L140X90X10" 140.00 90.00 10.00 22.26 19.60
108 "L100X100X12" "L100X100X12" 100.00 100.00 12.00 22.80 19.50
109 "L125X80X12" "L125X80X12" 125.00 80.00 12.00 23.35 17.20
110 "L125X125X10" "L125X125X10" 125.00 125.00 10.00 24.37 24.80
111 "L110X110X12" "L110X110X12" 110.00 110.00 12.00 25.20 21.50
112 "L160X100X10" "L160X100X10" 160.00 100.00 10.00 24.31 21.90
113 "L100X100X14" "L100X100X14" 100.00 100.00 14.00 26.26 19.40
114 "L140X90X12" "L140X90X12" 140.00 90.00 12.00 26.40 19.50
115 "L140X140X10" "L140X140X10" 140.00 140.00 10.00 27.37 27.80
116 "L180X110X10" "L180X110X10" 180.00 110.00 10.00 28.37 24.20
117 "L125X125X12" "L125X125X12" 125.00 125.00 12.00 28.91 24.60
118 "L110X110X14" "L110X110X14" 110.00 110.00 14.00 29.06 21.40
119 "L100X100X16" "L100X100X16" 100.00 100.00 16.00 29.63 19.30
120 "L160X100X12" "L160X100X12" 160.00 100.00 12.00 30.05 21.80
121 "L140X90X14" "L140X90X14" 140.00 90.00 14.00 30.46 19.40
122 "L160X160X10" "L160X160X10" 160.00 160.00 10.00 31.50 32.00
123 "L140X140X12" "L140X140X12" 140.00 140.00 12.00 32.51 27.70
124 "L125X125X14" "L125X125X14" 125.00 125.00 14.00 33.37 24.50
125 "L180X110X12" "L180X110X12" 180.00 110.00 12.00 33.71 24.00
126 "L160X100X14" "L160X100X14" 160.00 100.00 14.00 34.71 21.60
127 "L160X160X12" "L160X160X12" 160.00 160.00 12.00 37.44 31.80
128 "L140X140X14" "L140X140X14" 140.00 140.00 14.00 37.57 27.50
129 "L200X125X12" "L200X125X12" 200.00 125.00 12.00 37.91 27.50
130 "L180X110X14" "L180X110X14" 180.00 110.00 14.00 38.97 23.90
131 "L160X100X16" "L160X100X16" 160.00 100.00 16.00 39.28 21.50
132 "L180X180X12" "L180X180X12" 180.00 180.00 12.00 42.24 35.80
133 "L140X140X16" "L140X140X16" 140.00 140.00 16.00 42.54 27.40
134 "L160X160X14" "L160X160X14" 160.00 160.00 14.00 43.30 31.60
135 "L200X125X14" "L200X125X14" 200.00 125.00 14.00 43.87 27.30
136 "L180X110X16" "L180X110X16" 180.00 110.00 16.00 44.14 23.70
137 "L180X180X14" "L180X180X14" 180.00 180.00 14.00 48.90 35.70
138 "L160X160X16" "L160X160X16" 160.00 160.00 16.00 49.07 31.40
139 "L200X125X16" "L200X125X16" 200.00 125.00 16.00 49.74 27.10
140 "L200X200X14" "L200X200X14" 200.00 200.00 14.00 54.64 39.80
141 "L180X180X16" "L180X180X16" 180.00 180.00 16.00 55.47 35.50
142 "L200X125X18" "L200X125X18" 200.00 125.00 18.00 55.53 27.00
143 "L180X180X18" "L180X180X18" 180.00 180.00 18.00 61.95 35.30
144 "L200X200X16" "L200X200X16" 200.00 200.00 16.00 62.01 39.60
145 "L200X200X18" "L200X200X18" 200.00 200.00 18.00 69.30 39.40
146 "L200X200X20" "L200X200X20" 200.00 200.00 20.00 70.51 39.30
147 "L200X200X24" "L200X200X24" 200.00 200.00 24.00 90.66 39.00
