1 "HW100X100" "HW100X100" 21.59 100.00 100.00 8.00 6.00 378.00 4.99 1.00 134.00 86.39 41.02
2 "HW125X125" "HW125X125" 30.00 125.00 125.00 9.00 6.50 839.00 8.21 1.19 293.00 151.95 71.72
3 "HW150X150" "HW150X150" 39.65 150.00 150.00 10.00 7.00 1623.00 12.85 1.37 563.00 243.05 114.38
4 "HW175X175" "HW175X175" 51.43 175.00 175.00 11.00 7.50 2895.00 21.58 1.55 984.00 370.27 171.55
5 "HW200X200" "HW200X200" 63.53 200.00 200.00 12.00 8.00 4716.00 30.47 1.73 1602.00 525.50 243.82
6 "HW200X204" "HW200X204" 71.53 200.00 204.00 12.00 12.00 4982.00 44.50 2.09 1702.00 565.50 257.32
7 "HW244X252" "HW244X252" 81.31 244.00 252.00 11.00 11.00 8703.00 41.10 2.40 2937.00 797.09 357.21
8 "HW250X250" "HW250X250" 91.43 250.00 250.00 14.00 9.00 10748.00 56.72 2.08 3648.00 952.57 443.07
9 "HW250X255" "HW250X255" 103.93 250.00 255.00 14.00 14.00 11399.00 82.74 2.58 3876.00 1030.70 467.49
10 "HW294X302" "HW294X302" 106.33 294.00 302.00 12.00 12.00 16640.00 61.20 2.85 5514.00 1259.83 558.24
11 "HW300X300" "HW300X300" 118.45 300.00 300.00 15.00 10.00 20186.00 83.56 2.47 6753.00 1483.91 682.90
12 "HW300X305" "HW300X305" 133.45 300.00 305.00 15.00 15.00 21311.00 117.80 3.04 7102.00 1596.41 714.38
13 "HW338X351" "HW338X351" 133.27 338.00 351.00 13.00 13.00 27742.00 87.40 3.23 9377.00 1821.55 815.35
14 "HW344X348" "HW344X348" 144.01 344.00 348.00 16.00 10.00 32846.00 112.35 2.67 11242.00 2091.87 977.78
15 "HW344X354" "HW344X354" 164.65 344.00 354.00 16.00 16.00 34882.00 161.50 3.42 11842.00 2269.38 1024.08
16 "HW350X350" "HW350X350" 171.89 350.00 350.00 19.00 12.00 39846.00 188.35 2.87 13583.00 2515.39 1176.27
17 "HW350X357" "HW350X357" 196.39 350.00 357.00 19.00 19.00 42347.00 270.03 3.60 14428.00 2729.77 1240.72
18 "HW388X402" "HW388X402" 178.45 388.00 402.00 15.00 15.00 48965.00 176.76 3.70 16258.00 2802.13 1237.33
19 "HW394X398" "HW394X398" 186.81 394.00 398.00 18.00 11.00 56145.00 194.68 3.01 18923.00 3118.44 1440.79
20 "HW394X405" "HW394X405" 214.39 394.00 405.00 18.00 18.00 59713.00 294.72 3.89 19955.00 3390.11 1511.00
21 "HW400X400" "HW400X400" 218.69 400.00 400.00 21.00 13.00 66621.00 306.25 3.21 22413.00 3672.46 1699.87
22 "HW400X408" "HW400X408" 250.69 400.00 408.00 21.00 21.00 70888.00 458.83 4.07 23809.00 3992.46 1793.75
23 "HW414X405" "HW414X405" 295.39 414.00 405.00 28.00 18.00 92771.00 727.82 3.68 31027.00 5026.31 2331.13
24 "HW428X407" "HW428X407" 360.65 428.00 407.00 35.00 20.00 119204.00 1333.84 3.90 39362.00 6311.43 2940.85
25 "HW458X417" "HW458X417" 528.55 458.00 417.00 50.00 30.00 187138.00 3984.22 4.85 60524.00 9540.36 4436.05
26 "HW498X432" "HW498X432" 770.05 498.00 432.00 70.00 45.00 297910.00 11529.32 6.13 94362.00 14456.89 6724.47
27 "HW492X465" "HW492X465" 257.95 492.00 465.00 20.00 15.00 117231.00 344.07 4.26 33535.00 5247.59 2192.83
28 "HW502X465" "HW502X465" 304.45 502.00 465.00 25.00 15.00 145947.00 578.79 4.07 41913.00 6403.12 2733.40
29 "HW502X470" "HW502X470" 329.55 502.00 470.00 25.00 20.00 151218.00 696.32 4.71 43300.00 6718.12 2812.65
30 "HM148X100" "HM148X100" 26.35 148.00 100.00 9.00 6.00 1002.00 6.75 1.56 150.40 153.92 46.43
31 "HM194X150" "HM194X150" 38.11 194.00 150.00 9.00 6.00 2625.00 9.52 1.80 506.70 300.95 103.10
32 "HM244X175" "HM244X175" 55.49 244.00 175.00 11.00 7.00 6037.00 21.45 2.28 983.90 550.45 172.09
33 "HM294X200" "HM294X200" 71.05 294.00 200.00 12.00 8.00 11114.00 32.07 2.85 1602.00 841.76 245.32
34 "HM340X250" "HM340X250" 99.53 340.00 250.00 14.00 9.00 21228.00 58.91 3.11 3649.00 1382.23 444.89
35 "HM390X300" "HM390X300" 133.25 390.00 300.00 16.00 10.00 37864.00 100.78 3.43 7204.00 2141.16 730.10
36 "HM440X300" "HM440X300" 153.89 440.00 300.00 18.00 11.00 54731.00 142.95 4.09 8106.00 2756.53 823.44
37 "HM482X300" "HM482X300" 141.17 482.00 300.00 15.00 11.00 58274.00 96.41 5.00 6756.00 2695.70 689.89
38 "HM488X300" "HM488X300" 159.17 488.00 300.00 18.00 11.00 68859.00 145.08 4.72 8106.00 3132.20 824.89
39 "HM544X300" "HM544X300" 147.99 544.00 300.00 15.00 11.00 76366.00 99.16 5.96 6757.00 3143.90 691.77
40 "HM550X300" "HM550X300" 165.99 550.00 300.00 18.00 11.00 89830.00 147.83 5.59 8107.00 3636.20 826.77
41 "HM582X300" "HM582X300" 169.21 582.00 300.00 17.00 12.00 98950.00 140.59 6.51 7659.00 3821.74 786.02
42 "HM588X300" "HM588X300" 187.21 588.00 300.00 20.00 12.00 114350.00 201.51 6.17 9009.00 4348.24 921.02
43 "HM594X302" "HM594X302" 217.09 594.00 302.00 23.00 14.00 133561.00 309.15 6.41 10572.00 5056.56 1077.13
44 "HN100X50" "HN100X50" 11.85 100.00 50.00 7.00 5.00 187.50 2.16 1.28 14.80 44.06 9.52
45 "HN125X60" "HN125X60" 16.69 125.00 60.00 8.00 6.00 409.10 3.80 1.64 29.10 76.88 15.64
46 "HN150X75" "HN150X75" 17.85 150.00 75.00 7.00 5.00 666.10 2.94 1.79 49.50 101.83 20.77
47 "HN175X90" "HN175X90" 22.90 175.00 90.00 8.00 5.00 1205.00 4.38 1.93 97.50 156.11 33.63
48 "HN198X99" "HN198X99" 22.69 198.00 99.00 7.00 4.50 1543.00 3.35 2.17 113.40 175.41 35.46
49 "HN200X100" "HN200X100" 26.67 200.00 100.00 8.00 5.50 1806.00 5.23 2.31 133.70 205.11 41.64
50 "HN248X124" "HN248X124" 31.99 248.00 124.00 8.00 5.00 3450.00 5.85 2.66 254.60 311.63 63.19
51 "HN250X125" "HN250X125" 36.97 250.00 125.00 9.00 6.00 3965.00 8.70 2.81 293.50 358.14 72.66
52 "HN298X149" "HN298X149" 40.80 298.00 149.00 8.00 5.50 6318.00 8.87 3.26 442.00 475.06 91.76
53 "HN300X150" "HN300X150" 46.78 300.00 150.00 9.00 6.50 7209.00 12.86 3.41 507.50 542.11 105.12
54 "HN346X174" "HN346X174" 52.45 346.00 174.00 9.00 6.00 11036.00 13.39 3.72 791.40 712.49 140.05
55 "HN350X175" "HN350X175" 62.91 350.00 175.00 11.00 7.00 13500.00 22.67 3.76 984.20 864.22 173.38
56 "HN400X150" "HN400X150" 70.37 400.00 150.00 13.00 8.00 18587.00 32.71 4.92 733.60 1061.11 153.24
57 "HN396X199" "HN396X199" 71.41 396.00 199.00 11.00 7.00 19771.00 25.32 4.20 1447.00 1114.25 223.32
58 "HN400X200" "HN400X200" 83.37 400.00 200.00 13.00 8.00 23457.00 40.04 4.26 1736.00 1312.66 266.99
59 "HN446X199" "HN446X199" 82.97 446.00 199.00 12.00 8.00 28134.00 34.55 5.15 1579.00 1422.75 245.36
60 "HN450X200" "HN450X200" 95.43 450.00 200.00 14.00 9.00 32887.00 52.44 5.19 1870.00 1651.68 289.62
61 "HN496X199" "HN496X199" 99.29 496.00 199.00 14.00 9.00 40834.00 53.37 5.97 1843.00 1869.18 287.76
62 "HN500X200" "HN500X200" 112.25 500.00 200.00 16.00 10.00 46811.00 77.14 6.03 2138.00 2129.89 332.85
63 "HN506X201" "HN506X201" 129.31 506.00 201.00 19.00 11.00 55481.00 120.72 6.00 2578.00 2495.69 399.19
64 "HN546X199" "HN546X199" 103.79 546.00 199.00 14.00 9.00 50810.00 54.59 6.85 1843.00 2123.03 288.77
65 "HN550X200" "HN550X200" 117.25 550.00 200.00 16.00 10.00 58173.00 78.80 6.89 2139.00 2416.76 334.10
66 "HN596X199" "HN596X199" 117.75 596.00 199.00 15.00 10.00 66641.00 70.70 7.92 1976.00 2575.81 312.30
67 "HN600X200" "HN600X200" 131.71 600.00 200.00 17.00 11.00 75557.00 99.24 7.95 2274.00 2903.81 358.34
68 "HN606X201" "HN606X201" 149.77 606.00 201.00 20.00 12.00 88320.00 149.75 7.88 2716.00 3357.42 425.68
69 "HN646X299" "HN646X299" 152.75 646.00 299.00 15.00 10.00 110134.00 94.86 7.27 6689.00 3822.94 687.05
70 "HN650X300" "HN650X300" 171.21 650.00 300.00 17.00 11.00 124977.00 134.21 7.29 7658.00 4316.06 784.85
71 "HN656X301" "HN656X301" 195.77 656.00 301.00 20.00 12.00 146518.00 205.96 7.20 9100.00 5011.35 929.48
72 "HN692X300" "HN692X300" 207.54 692.00 300.00 20.00 13.00 168425.00 230.28 8.08 9015.00 5503.14 930.47
73 "HN700X300" "HN700X300" 231.54 700.00 300.00 24.00 13.00 197491.00 344.64 7.63 10815.00 6338.34 1110.47
74 "HN734X299" "HN734X299" 182.70 734.00 299.00 16.00 12.00 161277.00 141.42 9.28 7141.00 5009.83 743.27
75 "HN742X300" "HN742X300" 214.04 742.00 300.00 20.00 13.00 197252.00 233.94 8.93 9016.00 6030.12 932.59
76 "HN750X300" "HN750X300" 238.04 750.00 300.00 24.00 13.00 230643.00 348.30 8.41 10816.00 6925.32 1112.59
77 "HN758X303" "HN758X303" 284.78 758.00 303.00 28.00 16.00 275642.00 571.44 8.89 13010.00 8261.04 1333.60
78 "HN792X300" "HN792X300" 239.50 792.00 300.00 22.00 14.00 248344.00 307.60 9.77 9921.00 7143.16 1029.72
79 "HN800X300" "HN800X300" 263.50 800.00 300.00 26.00 14.00 286361.00 443.13 9.27 11721.00 8098.36 1209.72
80 "HN834X298" "HN834X298" 227.46 834.00 298.00 19.00 14.00 251235.00 235.99 11.18 8402.00 6941.76 885.71
81 "HN842X299" "HN842X299" 259.72 842.00 299.00 23.00 15.00 298064.00 362.80 10.84 10273.00 8117.90 1076.09
82 "HN850X300" "HN850X300" 292.14 850.00 300.00 27.00 16.00 345982.00 535.75 10.63 12182.00 9310.34 1269.29
83 "HN858X301" "HN858X301" 324.72 858.00 301.00 31.00 17.00 395005.00 762.02 10.51 14127.00 10519.18 1465.31
84 "HN890X299" "HN890X299" 266.92 890.00 299.00 23.00 15.00 338540.00 368.20 11.72 10275.00 8749.87 1078.79
85 "HN900X300" "HN900X300" 305.82 900.00 300.00 28.00 16.00 404492.00 586.44 11.35 12633.00 10290.39 1317.36
86 "HN912X302" "HN912X302" 360.06 912.00 302.00 34.00 18.00 491011.00 989.49 11.34 15654.00 12337.07 1622.45
87 "HN970X297" "HN970X297" 276.00 970.00 297.00 21.00 16.00 393340.00 346.65 14.11 9205.00 9491.58 988.93
88 "HN980X298" "HN980X298" 315.50 980.00 298.00 26.00 17.00 471768.00 541.87 13.57 11510.00 11179.56 1224.98
89 "HN990X298" "HN990X298" 345.30 990.00 298.00 31.00 17.00 544050.00 777.68 12.87 13716.00 12647.21 1446.99
90 "HN1000X300" "HN1000X300" 395.10 1000.00 300.00 36.00 19.00 634475.00 1181.71 12.97 16258.00 14629.76 1707.51
91 "HN1008X302" "HN1008X302" 439.26 1008.00 302.00 40.00 21.00 712026.00 1614.99 13.20 18440.00 16342.59 1930.43
92 "HT95X48" "HT95X48" 7.62 95.00 48.00 4.50 3.20 114.80 .68 1.11 8.40 27.73 5.59
93 "HT97X49" "HT97X49" 9.38 97.00 49.00 5.50 4.00 143.50 1.16 1.19 10.90 34.32 7.15
94 "HT96X99" "HT96X99" 16.21 96.00 99.00 6.00 4.50 272.00 2.22 .88 97.20 63.61 30.05
95 "HT118X58" "HT118X58" 9.26 118.00 58.00 4.50 3.20 218.00 .76 1.36 14.70 42.02 8.03
96 "HT120X59" "HT120X59" 11.40 120.00 59.00 5.50 4.00 271.30 1.32 1.44 19.00 51.93 10.22
97 "HT119X123" "HT119X123" 20.12 119.00 123.00 6.00 4.50 532.30 2.63 1.02 186.30 99.12 46.15
98 "HT145X73" "HT145X73" 11.47 145.00 73.00 4.50 3.20 415.50 .88 1.62 29.30 64.59 12.52
99 "HT147X74" "HT147X74" 14.13 147.00 74.00 5.50 4.00 515.60 1.54 1.71 37.30 79.72 15.81
100 "HT139X97" "HT139X97" 13.44 139.00 97.00 4.50 3.20 475.50 1.02 1.32 68.60 75.70 21.69
101 "HT142X99" "HT142X99" 18.28 142.00 99.00 6.00 4.50 654.00 2.36 1.45 97.20 103.27 30.28
102 "HT144X148" "HT144X148" 27.77 144.00 148.00 7.00 5.00 1087.00 4.58 1.20 378.50 166.53 77.71
103 "HT147X149" "HT147X149" 33.68 147.00 149.00 8.50 6.00 1348.00 8.00 1.29 469.00 204.23 95.79
104 "HT168X88" "HT168X88" 13.56 168.00 88.00 4.50 3.20 669.80 1.00 1.82 51.20 89.24 18.02
105 "HT171X89" "HT171X89" 17.59 171.00 89.00 6.00 4.00 894.40 2.05 1.86 70.70 117.66 24.61
106 "HT167X173" "HT167X173" 33.32 167.00 173.00 7.00 5.00 1779.00 6.52 1.34 604.70 233.70 106.49
107 "HT172X175" "HT172X175" 44.65 172.00 175.00 9.50 6.50 2470.00 14.38 1.46 849.60 318.87 147.98
108 "HT193X98" "HT193X98" 15.26 193.00 98.00 4.50 3.20 994.50 1.09 2.10 70.70 115.17 22.27
109 "HT196X99" "HT196X99" 19.79 196.00 99.00 6.00 4.00 1325.00 2.24 2.14 97.20 151.67 30.35
110 "HT188X149" "HT188X149" 26.35 188.00 149.00 6.00 4.50 1726.00 3.22 1.72 331.00 202.29 67.72
111 "HT192X198" "HT192X198" 43.69 192.00 198.00 8.00 6.00 3061.00 10.64 1.58 1036.00 350.26 159.26
112 "HT244X124" "HT244X124" 25.87 244.00 124.00 6.00 4.50 2648.00 3.03 2.77 190.90 243.90 47.52
113 "HT238X173" "HT238X173" 39.12 238.00 173.00 8.00 4.50 4242.00 8.14 1.95 691.00 389.45 121.59
114 "HT294X148" "HT294X148" 31.90 294.00 148.00 6.00 4.50 4801.00 4.66 3.25 324.90 365.24 67.89
115 "HT286X198" "HT286X198" 49.33 286.00 198.00 8.00 6.00 7360.00 11.31 2.77 1036.00 568.87 160.10
116 "HT340X173" "HT340X173" 36.97 340.00 173.00 6.00 4.50 7490.00 5.16 3.72 518.50 491.09 92.20
117 "HT390X148" "HT390X148" 47.57 390.00 148.00 8.00 6.00 11747.00 10.36 5.02 433.50 688.81 91.84
118 "HT390X198" "HT390X198" 55.57 390.00 198.00 8.00 6.00 14666.00 12.06 4.36 1036.00 841.61 161.04
