1 "TUB20202.0" "TUB20202.0" 1.42 20.00 20.00 2.00 .76 .76 1.22 .95 .95
2 "TUB20202.5" "TUB20202.5" 1.72 20.00 20.00 2.50 .87 .87 1.41 1.12 1.12
3 "TUB25252.0" "TUB25252.0" 1.82 25.00 25.00 2.00 1.59 1.59 2.52 1.56 1.56
4 "TUB25252.5" "TUB25252.5" 2.22 25.00 25.00 2.50 1.85 1.85 2.97 1.86 1.86
5 "TUB25253.0" "TUB25253.0" 2.60 25.00 25.00 3.00 2.06 2.06 3.36 2.12 2.12
6 "TUB30302.5" "TUB30302.5" 2.72 30.00 30.00 2.50 3.40 3.40 5.40 2.79 2.79
7 "TUB25253.2" "TUB25253.2" 2.74 25.00 25.00 3.20 2.14 2.14 3.49 2.21 2.21
8 "TUB30303.2" "TUB30303.2" 3.38 30.00 30.00 3.20 4.00 4.00 6.45 2.67 2.67
9 "TUB50252.5" "TUB50252.5" 3.47 50.00 25.00 2.50 10.60 3.44 8.41 5.41 3.26
10 "TUB40402.5" "TUB40402.5" 3.72 40.00 40.00 2.50 8.67 8.67 13.60 5.21 5.21
11 "TUB50302.5" "TUB50302.5" 3.72 50.00 30.00 2.50 12.00 5.30 11.70 6.01 4.16
12 "TUB50253.0" "TUB50253.0" 4.10 50.00 25.00 3.00 12.20 3.89 9.64 6.30 3.77
13 "TUB50253.2" "TUB50253.2" 4.34 50.00 25.00 3.20 12.80 4.05 10.10 6.64 3.96
14 "TUB40403.0" "TUB40403.0" 4.40 40.00 40.00 3.00 9.96 9.96 15.70 6.07 6.07
15 "TUB50303.0" "TUB50303.0" 4.40 50.00 30.00 3.00 13.90 6.04 13.50 7.01 4.83
16 "TUB40403.2" "TUB40403.2" 4.66 40.00 40.00 3.20 10.40 10.40 16.50 6.40 6.40
17 "TUB50303.2" "TUB50303.2" 4.66 50.00 30.00 3.20 14.50 6.31 14.20 7.39 5.08
18 "TUB50502.5" "TUB50502.5" 4.72 50.00 50.00 2.50 17.70 17.70 27.40 8.38 8.38
19 "TUB60402.5" "TUB60402.5" 4.72 60.00 40.00 2.50 23.10 12.20 25.00 9.43 7.09
20 "TUB50503.0" "TUB50503.0" 5.60 50.00 50.00 3.00 20.50 20.50 32.00 9.83 9.83
21 "TUB60403.0" "TUB60403.0" 5.60 60.00 40.00 3.00 26.90 14.10 29.20 11.10 8.29
22 "TUB40404.0" "TUB40404.0" 5.68 40.00 40.00 4.00 12.10 12.10 19.50 7.61 7.61
23 "TUB50304.0" "TUB50304.0" 5.68 50.00 30.00 4.00 17.00 7.25 16.60 8.81 6.01
24 "TUB50503.2" "TUB50503.2" 5.94 50.00 50.00 3.20 21.60 21.60 33.80 10.40 10.40
25 "TUB60403.2" "TUB60403.2" 5.94 60.00 40.00 3.20 28.30 14.80 30.80 11.70 8.75
26 "TUB60603.0" "TUB60603.0" 6.80 60.00 60.00 3.00 36.60 36.60 56.90 14.50 14.50
27 "TUB80403.0" "TUB80403.0" 6.80 80.00 40.00 3.00 55.00 18.20 43.70 17.30 10.50
28 "TUB40405.0" "TUB40405.0" 6.88 40.00 40.00 5.00 13.80 13.80 22.60 8.92 8.92
29 "TUB50305.0" "TUB50305.0" 6.88 50.00 30.00 5.00 19.50 8.13 19.00 10.40 6.98
30 "TUB60603.2" "TUB60603.2" 7.22 60.00 60.00 3.20 38.70 38.70 60.10 15.30 15.30
31 "TUB80403.2" "TUB80403.2" 7.22 80.00 40.00 3.20 58.10 19.10 46.10 18.30 11.10
32 "TUB50504.0" "TUB50504.0" 7.28 50.00 50.00 4.00 25.50 25.50 40.40 12.50 12.50
33 "TUB70703.0" "TUB70703.0" 8.00 70.00 70.00 3.00 59.60 59.60 92.10 20.00 20.00
34 "TUB90503.0" "TUB90503.0" 8.00 90.00 50.00 3.00 85.40 33.80 76.40 23.40 15.50
35 "TUB100503.0" "TUB100503.0" 8.60 100.00 50.00 3.00 111.00 37.10 88.30 27.60 16.90
36 "TUB50505.0" "TUB50505.0" 8.88 50.00 50.00 5.00 29.60 29.60 47.60 14.90 14.90
37 "TUB60405.0" "TUB60405.0" 8.88 60.00 40.00 5.00 39.20 20.00 43.00 16.80 12.40
38 "TUB60604.0" "TUB60604.0" 8.88 60.00 60.00 4.00 46.10 46.10 72.40 18.67 18.67
39 "TUB80404.0" "TUB80404.0" 8.88 80.00 40.00 4.00 69.60 22.60 55.10 22.20 13.40
40 "TUB100503.2" "TUB100503.2" 9.14 100.00 50.00 3.20 117.00 39.10 93.30 29.20 17.90
41 "TUB80803.0" "TUB80803.0" 9.20 80.00 80.00 3.00 90.60 90.60 139.00 26.50 26.50
42 "TUB100603.0" "TUB100603.0" 9.20 100.00 60.00 3.00 125.00 56.20 121.00 30.50 21.30
43 "TUB70703.6" "TUB70703.6" 9.50 70.00 70.00 3.60 69.50 69.50 108.00 23.60 23.60
44 "TUB90503.6" "TUB90503.6" 9.50 90.00 50.00 3.60 99.80 39.10 89.30 27.60 18.10
45 "TUB50506.3" "TUB50506.3" 10.80 50.00 50.00 6.30 33.90 33.90 55.30 17.50 17.50
46 "TUB60406.3" "TUB60406.3" 10.80 60.00 40.00 6.30 45.10 22.60 49.70 19.90 14.60
47 "TUB60605.0" "TUB60605.0" 10.90 60.00 60.00 5.00 54.40 54.40 86.30 22.30 22.30
48 "TUB80405.0" "TUB80405.0" 10.90 80.00 40.00 5.00 82.40 26.20 65.00 26.70 15.90
49 "TUB80803.6" "TUB80803.6" 10.90 80.00 80.00 3.60 106.00 106.00 164.00 31.30 31.30
50 "TUB100603.6" "TUB100603.6" 10.90 100.00 60.00 3.60 147.00 65.40 142.00 36.00 25.10
51 "TUB100504.0" "TUB100504.0" 11.30 100.00 50.00 4.00 142.00 46.70 113.00 35.70 21.70
52 "TUB90903.6" "TUB90903.6" 12.40 90.00 90.00 3.60 154.00 154.00 237.00 40.00 40.00
53 "TUB120603.6" "TUB120603.6" 12.40 120.00 60.00 3.60 230.00 76.90 183.00 47.60 29.20
54 "TUB70705.0" "TUB70705.0" 12.90 70.00 70.00 5.00 90.10 90.10 142.00 31.20 31.20
55 "TUB90505.0" "TUB90505.0" 12.90 90.00 50.00 5.00 130.00 50.00 116.00 36.60 23.90
56 "TUB60606.3" "TUB60606.3" 13.30 60.00 60.00 6.30 63.40 63.40 102.00 26.60 26.60
57 "TUB80406.3" "TUB80406.3" 13.30 80.00 40.00 6.30 96.50 29.80 75.80 31.90 18.80
58 "TUB100505.0" "TUB100505.0" 13.90 100.00 50.00 5.00 170.00 55.10 135.00 43.30 26.10
59 "TUB80805.0" "TUB80805.0" 14.90 80.00 80.00 5.00 139.00 139.00 217.00 41.70 41.70
60 "TUB100605.0" "TUB100605.0" 14.90 100.00 60.00 5.00 192.00 84.70 187.00 48.10 33.30
61 "TUB1001004.0" "TUB1001004.0" 15.30 100.00 100.00 4.00 234.00 234.00 361.00 54.90 54.90
62 "TUB70706.3" "TUB70706.3" 15.90 70.00 70.00 6.30 106.00 106.00 169.00 37.60 37.60
63 "TUB90506.3" "TUB90506.3" 15.90 90.00 50.00 6.30 154.00 58.10 138.00 44.20 28.50
64 "TUB60608.0" "TUB60608.0" 16.30 60.00 60.00 8.00 72.40 72.40 119.00 31.40 31.40
65 "TUB80408.0" "TUB80408.0" 16.30 80.00 40.00 8.00 111.00 33.10 86.30 37.80 21.80
66 "TUB90905.0" "TUB90905.0" 16.90 90.00 90.00 5.00 202.00 202.00 315.00 53.60 53.60
67 "TUB120605.0" "TUB120605.0" 16.90 120.00 60.00 5.00 304.00 99.90 242.00 63.90 38.80
68 "TUB100506.3" "TUB100506.3" 17.10 100.00 50.00 6.30 202.00 64.20 160.00 52.50 31.30
69 "TUB80806.3" "TUB80806.3" 18.40 80.00 80.00 6.30 165.00 165.00 261.00 50.50 50.50
70 "TUB100606.3" "TUB100606.3" 18.40 100.00 60.00 6.30 230.00 99.90 224.00 58.40 40.20
71 "TUB1001005.0" "TUB1001005.0" 18.90 100.00 100.00 5.00 283.00 283.00 439.00 67.10 67.10
72 "TUB120805.0" "TUB120805.0" 18.90 120.00 80.00 5.00 370.00 195.00 401.00 75.40 56.70
73 "TUB70708.0" "TUB70708.0" 19.50 70.00 70.00 8.00 123.00 123.00 200.00 45.00 45.00
74 "TUB90508.0" "TUB90508.0" 19.50 90.00 50.00 8.00 180.00 66.30 161.00 53.00 33.70
75 "TUB90906.3" "TUB90906.3" 20.90 90.00 90.00 6.30 242.00 242.00 381.00 65.30 65.30
76 "TUB120606.3" "TUB120606.3" 20.90 120.00 60.00 6.30 366.00 118.00 290.00 78.00 46.90
77 "TUB100508.0" "TUB100508.0" 21.10 100.00 50.00 8.00 238.00 73.50 187.00 63.10 37.10
78 "TUB80808.0" "TUB80808.0" 22.70 80.00 80.00 8.00 194.00 194.00 312.00 60.90 60.90
79 "TUB100608.0" "TUB100608.0" 22.70 100.00 60.00 8.00 272.00 116.00 266.00 70.50 48.10
80 "TUB1201205.0" "TUB1201205.0" 22.90 120.00 120.00 5.00 503.00 503.00 775.00 98.40 98.40
81 "TUB1001006.3" "TUB1001006.3" 23.40 100.00 100.00 6.30 341.00 341.00 533.00 82.00 82.00
82 "TUB120806.3" "TUB120806.3" 23.40 120.00 80.00 6.30 447.00 234.00 486.00 92.30 69.10
83 "TUB1501005.0" "TUB1501005.0" 23.90 150.00 100.00 5.00 747.00 396.00 806.00 121.00 90.80
84 "TUB90908.0" "TUB90908.0" 25.90 90.00 90.00 8.00 288.00 288.00 459.00 79.20 79.20
85 "TUB120608.0" "TUB120608.0" 25.90 120.00 60.00 8.00 437.00 138.00 344.00 94.80 56.40
86 "TUB1201206.3" "TUB1201206.3" 28.50 120.00 120.00 6.30 610.00 610.00 949.00 121.00 121.00
87 "TUB160806.3" "TUB160806.3" 28.50 160.00 80.00 6.30 917.00 302.00 729.00 144.00 87.70
88 "TUB1501505.0" "TUB1501505.0" 28.90 150.00 150.00 5.00 1010.00 1010.00 1550.00 157.00 157.00
89 "TUB1001008.0" "TUB1001008.0" 29.10 100.00 100.00 8.00 408.00 408.00 646.00 99.90 99.90
90 "TUB120808.0" "TUB120808.0" 29.10 120.00 80.00 8.00 537.00 278.00 586.00 113.00 83.90
91 "TUB1501006.3" "TUB1501006.3" 29.70 150.00 100.00 6.30 910.00 479.00 985.00 148.00 111.00
92 "TUB10010010.0" "TUB10010010.0" 35.50 100.00 100.00 10.00 474.00 474.00 761.00 119.00 119.00
93 "TUB1208010.0" "TUB1208010.0" 35.50 120.00 80.00 10.00 628.00 320.00 688.00 134.00 99.40
94 "TUB1201208.0" "TUB1201208.0" 35.50 120.00 120.00 8.00 738.00 738.00 1160.00 149.00 149.00
95 "TUB160808.0" "TUB160808.0" 35.50 160.00 80.00 8.00 1110.00 361.00 882.00 177.00 107.00
96 "TUB1501506.3" "TUB1501506.3" 36.00 150.00 150.00 6.30 1240.00 1240.00 1910.00 194.00 194.00
97 "TUB2001006.3" "TUB2001006.3" 36.00 200.00 100.00 6.30 1850.00 618.00 1470.00 231.00 141.00
98 "TUB1501008.0" "TUB1501008.0" 37.10 150.00 100.00 8.00 1110.00 577.00 1200.00 183.00 137.00
99 "TUB12012010.0" "TUB12012010.0" 43.50 120.00 120.00 10.00 870.00 870.00 1380.00 178.00 178.00
100 "TUB1608010.0" "TUB1608010.0" 43.50 160.00 80.00 10.00 1320.00 419.00 1040.00 213.00 127.00
101 "TUB1801806.3" "TUB1801806.3" 43.60 180.00 180.00 6.30 2190.00 2190.00 3360.00 283.00 283.00
102 "TUB1501508.0" "TUB1501508.0" 45.10 150.00 150.00 8.00 1510.00 1510.00 2350.00 240.00 240.00
103 "TUB2001008.0" "TUB2001008.0" 45.10 200.00 100.00 8.00 2270.00 747.00 1800.00 286.00 174.00
104 "TUB15010010.0" "TUB15010010.0" 45.50 150.00 100.00 10.00 1310.00 678.00 1430.00 220.00 164.00
105 "TUB2002006.3" "TUB2002006.3" 48.60 200.00 200.00 6.30 3030.00 3030.00 4650.00 353.00 353.00
106 "TUB2501506.3" "TUB2501506.3" 48.60 250.00 150.00 6.30 4180.00 1890.00 4050.00 405.00 284.00
107 "TUB12012012.5" "TUB12012012.5" 53.00 120.00 120.00 12.50 1010.00 1010.00 1620.00 212.00 212.00
108 "TUB1608012.5" "TUB1608012.5" 53.00 160.00 80.00 12.50 1540.00 476.00 1210.00 254.00 150.00
109 "TUB1801808.0" "TUB1801808.0" 54.70 180.00 180.00 8.00 2690.00 2690.00 4160.00 352.00 352.00
110 "TUB15010012.5" "TUB15010012.5" 55.50 150.00 100.00 12.50 781.00 263.00 160.00 184.00 1680.00
111 "TUB15015010.0" "TUB15015010.0" 55.50 150.00 150.00 10.00 1800.00 1800.00 2830.00 290.00 290.00
112 "TUB20010010.0" "TUB20010010.0" 55.50 200.00 100.00 10.00 2720.00 881.00 2150.00 346.00 209.00
113 "TUB2002008.0" "TUB2002008.0" 61.10 200.00 200.00 8.00 3740.00 3740.00 5770.00 439.00 439.00
114 "TUB2501508.0" "TUB2501508.0" 61.10 250.00 150.00 8.00 5170.00 2320.00 5010.00 505.00 353.00
115 "TUB2502506.3" "TUB2502506.3" 61.20 250.00 250.00 6.30 6050.00 6050.00 9230.00 559.00 559.00
116 "TUB3002006.3" "TUB3002006.3" 61.20 300.00 200.00 6.30 7880.00 4220.00 8470.00 627.00 475.00
117 "TUB18018010.0" "TUB18018010.0" 67.50 180.00 180.00 10.00 3240.00 3240.00 5040.00 429.00 429.00
118 "TUB15015012.5" "TUB15015012.5" 68.00 150.00 150.00 12.50 2120.00 2120.00 3370.00 348.00 348.00
119 "TUB20010012.5" "TUB20010012.5" 68.00 200.00 100.00 12.50 3220.00 1020.00 2540.00 417.00 249.00
120 "TUB20020010.0" "TUB20020010.0" 75.50 200.00 200.00 10.00 4520.00 4520.00 7020.00 536.00 536.00
121 "TUB25015010.0" "TUB25015010.0" 75.50 250.00 150.00 10.00 6260.00 2780.00 6080.00 618.00 430.00
122 "TUB2502508.0" "TUB2502508.0" 77.10 250.00 250.00 8.00 7510.00 7510.00 11500.00 699.00 699.00
123 "TUB3002008.0" "TUB3002008.0" 77.10 300.00 200.00 8.00 9800.00 5220.00 10500.00 785.00 593.00
124 "TUB18018012.5" "TUB18018012.5" 83.00 180.00 180.00 12.50 3860.00 3860.00 6060.00 519.00 519.00
125 "TUB15015016.0" "TUB15015016.0" 84.50 150.00 150.00 16.00 2500.00 2500.00 4030.00 421.00 421.00
126 "TUB20010016.0" "TUB20010016.0" 84.50 200.00 100.00 16.00 3810.00 1180.00 2990.00 505.00 297.00
127 "TUB20020012.5" "TUB20020012.5" 93.00 200.00 200.00 12.50 5420.00 5420.00 8480.00 651.00 651.00
128 "TUB25015012.5" "TUB25015012.5" 93.00 250.00 150.00 12.50 7520.00 3310.00 7320.00 751.00 520.00
129 "TUB25025010.0" "TUB25025010.0" 95.50 250.00 250.00 10.00 9140.00 9140.00 14100.00 858.00 858.00
130 "TUB30020010.0" "TUB30020010.0" 95.50 300.00 200.00 10.00 11900.00 6330.00 12900.00 954.00 726.00
131 "TUB18018016.0" "TUB18018016.0" 104.00 180.00 180.00 16.00 4610.00 4610.00 7340.00 634.00 634.00
132 "TUB30030010.0" "TUB30030010.0" 116.00 300.00 300.00 10.00 16200.00 16200.00 24800.00 1250.00 1250.00
133 "TUB40020010.0" "TUB40020010.0" 116.00 400.00 200.00 10.00 24100.00 8140.00 19200.00 1490.00 916.00
134 "TUB20020016.0" "TUB20020016.0" 117.00 200.00 200.00 16.00 6520.00 6520.00 10300.00 799.00 799.00
135 "TUB25015016.0" "TUB25015016.0" 117.00 250.00 150.00 16.00 9090.00 3940.00 8860.00 924.00 635.00
136 "TUB25025012.5" "TUB25025012.5" 118.00 250.00 250.00 12.50 11000.00 11000.00 17100.00 1050.00 1050.00
137 "TUB30020012.5" "TUB30020012.5" 118.00 300.00 200.00 12.50 14500.00 7620.00 15700.00 1180.00 886.00
138 "TUB35035010.0" "TUB35035010.0" 136.00 350.00 350.00 10.00 26100.00 26100.00 39800.00 1730.00 1730.00
139 "TUB45025010.0" "TUB45025010.0" 136.00 450.00 250.00 10.00 37200.00 14900.00 33200.00 2010.00 1340.00
140 "TUB30030012.5" "TUB30030012.5" 143.00 300.00 300.00 12.50 19600.00 19600.00 30300.00 1540.00 1540.00
141 "TUB40020012.5" "TUB40020012.5" 143.00 400.00 200.00 12.50 29400.00 9820.00 23400.00 1830.00 1120.00
142 "TUB25025016.0" "TUB25025016.0" 149.00 250.00 250.00 16.00 13500.00 13500.00 21100.00 1300.00 1300.00
143 "TUB30020016.0" "TUB30020016.0" 149.00 300.00 200.00 16.00 17700.00 9240.00 19200.00 1460.00 1090.00
144 "TUB40040010.0" "TUB40040010.0" 156.00 400.00 400.00 10.00 39400.00 39400.00 60000.00 2270.00 2270.00
145 "TUB35035012.5" "TUB35035012.5" 168.00 350.00 350.00 12.50 31800.00 31800.00 48900.00 2120.00 2120.00
146 "TUB45025012.5" "TUB45025012.5" 168.00 450.00 250.00 12.50 45500.00 18100.00 40700.00 2480.00 1640.00
147 "TUB30030016.0" "TUB30030016.0" 181.00 300.00 300.00 16.00 24200.00 24200.00 37600.00 1920.00 1920.00
148 "TUB40020016.0" "TUB40020016.0" 181.00 400.00 200.00 16.00 36300.00 12000.00 28800.00 2280.00 1390.00
149 "TUB40040012.5" "TUB40040012.5" 193.00 400.00 400.00 12.50 48200.00 48200.00 73800.00 2800.00 2800.00
150 "TUB35035016.0" "TUB35035016.0" 213.00 350.00 350.00 16.00 39400.00 39400.00 60900.00 2650.00 2650.00
151 "TUB45025016.0" "TUB45025016.0" 213.00 450.00 250.00 16.00 56400.00 22300.00 50500.00 3100.00 2050.00
152 "TUB40040016.0" "TUB40040016.0" 245.00 400.00 400.00 16.00 59900.00 59900.00 92300.00 3510.00 3510.00
